%YAML:1.0

# OVVU
cam0:
  T_imu_cam: #rotation from camera to IMU R_CtoI, position of camera in IMU p_CinI
    - [9.9934608718980233e-01, -1.5715484428488590e-02,-3.2564114721728155e-02, -1.7434527332030676e-02]
    - [3.2359037356803094e-02, -1.3131917124154624e-02,9.9939003669937865e-01, 1.7171139776467173e-01]
    - [-1.6133527815482926e-02, -9.9979026615676858e-01,-1.2614792047622947e-02, -4.5251036141047592e-02]
    - [0.0, 0.0, 0.0, 1.0]
  cam_overlaps: [1]
  camera_model: PINHOLE
  distortion_coeffs: [-0.109203, 0.063536, -0.003427, -0.000629]
  distortion_model: radtan
  intrinsics: [ 1086.160899, 1090.242963, 940.067502, 586.740077] #fu, fv, cu, cv
  resolution: [1920,  1200]
  rostopic: /camera/image_color